 YEARQT  CEXP  CAPP 
 195301  2072  1660
 195302  2077  1926
 195303  2078  2181
 195304  2043  1897
 195401  2062  1695
 195402  2067  1705
 195403  1964  1731
 195404  1981  2151
 195501  1914  2556
 195502  1991  3152
 195503  2129  3763
 195504  2309  3903
 195601  2614  3912
 195602  2896  3571
 195603  3058  3199
 195604  3309  3262
 195701  3446  3476
 195702  3466  2993
 195703  3435  2262
 195704  3183  2011
 195801  2697  1511
 195802  2338  1631
 195803  2140  1990
 195804  2012  1993
 195901  2071  2520
 195902  2192  2804
 195903  2240  2919
 195904  2421  3024
 196001  2639  2725
 196002  2733  2321
 196003  2721  2131
 196004  2640  2552
 196101  2513  2234
 196102  2448  2282
 196103  2429  2533
 196104  2516  2517
 196201  2534  2772
 196202  2494  2380
 196203  2596  2568
 196204  2572  2944
 196301  2601  2629
 196302  2648  3133
 196303  2840  3449
 196304  2937  3764
 196401  3136  3983
 196402  3299  4381
 196403  3514  4786
 196404  3815  4094
 196501  4093  4870
 196502  4262  5344
 196503  4531  5433
 196504  4825  5911
 196601  5160  6109
 196602  5319  6542
 196603  5574  5785
 196604  5749  5707
 196701  5715  5412
 196702  5637  5465
 196703  5383  5550
 196704  5467  5465
/*
Data Source
-----------
National Industrial Conference Board; 
Almon, S., "The Distributed Lag Between Capital Appropriations and
Expenditures," Econometrica, 33 (1965), 178-196.

Data Description
----------------
CEXP = Capital expenditures in millions of dollars
CAPP = Capital appropriations in millions of dollars
*/
