         QUARTER              GDP             PGDP          LEADING
          1959.1           496.30           22.900           78.867 
          1959.2           509.30           22.900           79.433 
          1959.3           509.60           22.900           78.867 
          1959.4           513.80           23.100           78.400 
          1960.1           527.30           23.100           78.033 
          1960.2           526.10           23.200           77.333 
          1960.3           529.00           23.300           77.467 
          1960.4           523.90           23.500           77.100 
          1961.1           528.10           23.500           77.733 
          1961.2           538.90           23.600           79.100 
          1961.3           549.60           23.600           79.800 
          1961.4           562.60           23.600           80.633 
          1962.1           575.30           23.800           81.167 
          1962.2           582.80           23.900           80.500 
          1962.3           589.90           23.900           80.300 
          1962.4           592.90           24.000           81.067 
          1963.1           602.20           24.100           82.100 
          1963.2           610.90           24.100           82.767 
          1963.3           623.70           24.200           82.833 
          1963.4           632.80           24.300           83.267 
          1964.1           649.40           24.400           83.833 
          1964.2           658.40           24.500           84.567 
          1964.3           669.20           24.600           85.333 
          1964.4           675.10           24.700           85.967 
          1965.1           695.60           24.800           86.500 
          1965.2           708.20           24.900           86.667 
          1965.3           725.00           25.100           86.900 
          1965.4           747.70           25.200           87.933 
          1966.1           770.50           25.400           88.433 
          1966.2           780.00           25.600           88.033 
          1966.3           793.60           25.900           86.833 
          1966.4           807.10           26.100           85.833 
          1967.1           816.90           26.200           85.700 
          1967.2           823.00           26.400           85.867 
          1967.3           838.90           26.700           87.233 
          1967.4           855.60           27.000           87.833 
          1968.1           880.60           27.300           88.300 
          1968.2           904.70           27.500           88.133 
          1968.3           919.70           27.800           88.433 
          1968.4           937.30           28.200           89.533 
          1969.1           959.90           28.400           89.933 
          1969.2           973.70           28.800           89.500 
          1969.3           993.30           29.200           88.667 
          1969.4           1002.0           29.600           87.767 
          1970.1           1014.0           30.000           86.033 
          1970.2           1029.0           30.400           84.833 
          1970.3           1047.2           30.700           84.800 
          1970.4           1052.3           31.100           85.000 
          1971.1           1096.7           31.600           86.900 
          1971.2           1116.8           32.000           87.967 
          1971.3           1137.1           32.400           88.133 
          1971.4           1150.9           32.700           89.033 
          1972.1           1190.1           33.100           90.867 
          1972.2           1223.5           33.300           91.567 
          1972.3           1247.6           33.600           92.867 
          1972.4           1287.9           34.100           93.633 
          1973.1           1337.2           34.500           93.967 
          1973.2           1367.7           35.000           93.467 
          1973.3           1390.5           35.700           92.900 
          1973.4           1435.3           36.500           92.500 
          1974.1           1446.6           37.100           91.100 
          1974.2           1480.2           37.800           90.000 
          1974.3           1510.9           39.000           87.300 
          1974.4           1549.7           40.200           83.367 
          1975.1           1559.6           41.100           81.267 
          1975.2           1596.4           41.700           84.233 
          1975.3           1657.3           42.500           86.367 
          1975.4           1709.1           43.300           87.867 
          1976.1           1767.4           43.800           89.900 
          1976.2           1797.1           44.200           90.400 
          1976.3           1830.5           44.800           91.400 
          1976.4           1880.8           45.600           91.500 
          1977.1           1933.4           46.200           91.800 
          1977.2           2005.3           47.000           92.367 
          1977.3           2067.5           47.700           92.467 
          1977.4           2101.2           48.500           92.600 
          1978.1           2144.4           49.400           92.533 
          1978.2           2274.6           50.500           93.233 
          1978.3           2334.8           51.400           93.467 
          1978.4           2411.7           52.500           93.933 
          1979.1           2464.9           53.600           93.567 
          1979.2           2522.4           54.700           92.867 
          1979.3           2592.6           55.900           91.633 
          1979.4           2650.1           57.000           90.367 
          1980.1           2722.9           58.300           89.700 
          1980.2           2719.4           59.600           86.300 
          1980.3           2783.2           61.000           88.167 
          1980.4           2911.6           62.600           90.133 
          1981.1           3043.2           64.200           89.633 
          1981.2           3073.3           65.400           89.933 
          1981.3           3163.2           66.500           88.700 
          1981.4           3183.9           67.800           86.833 
          1982.1           3179.6           68.800           86.500 
          1982.2           3234.7           69.800           86.700 
          1982.3           3258.5           70.600           86.967 
          1982.4           3295.5           71.300           88.300 
          1983.1           3359.5           71.900           90.933 
          1983.2           3469.4           72.700           93.033 
          1983.3           3563.8           73.400           94.533 
          1983.4           3665.4           74.100           95.833 
          1984.1           3792.8           75.100           96.367 
          1984.2           3879.2           75.600           95.833 
          1984.3           3943.3           76.300           94.767 
          1984.4           3994.4           76.800           94.067 
          1985.1           4080.3           77.600           94.700 
          1985.2           4135.4           78.200           94.767 
          1985.3           4221.9           78.700           95.567 
          1985.4           4285.1           79.400           96.033 
          1986.1           4358.2           79.700           96.833 
          1986.2           4386.7           80.200           97.500 
          1986.3           4442.4           80.800           97.700 
          1986.4           4501.4           81.400           98.633 
          1987.1           4565.6           82.100           99.233 
          1987.2           4644.9           82.700           99.800 
          1987.3           4722.6           83.300           100.97 
          1987.4           4836.2           84.100           100.00 
          1988.1           4898.5           84.700           99.800 
          1988.2           5000.5           85.600           100.17 
          1988.3           5094.5           86.700           100.10 
          1988.4           5204.9           87.500           100.20 
          1989.1           5316.9           88.500           100.60 
          1989.2           5413.1           89.400           99.800 
          1989.3           5486.8           90.200           99.200 
          1989.4           5537.9           90.900           99.133 
          1990.1           5660.4           92.000           99.300 
          1990.2           5751.0           93.100           99.400 
          1990.3           5782.4           94.100           98.467 
          1990.4           5781.5           95.100           96.700 
          1991.1           5822.1           96.300           96.433 
          1991.2           5892.3           97.000           97.033 
          1991.3           5950.0           97.700           97.833 
          1991.4           6002.3           98.300           97.467 
          1992.1           6121.8           99.100           97.867 
          1992.2           6201.2           99.800           98.300 
          1992.3           6271.7           100.20           98.100 
          1992.4           6383.0           100.90           98.533 
          1993.1           6442.6           101.80           98.933 
          1993.2           6506.2           102.40           98.400 
          1993.3           6574.4           102.80           98.500 
          1993.4           6688.6           103.40           99.767 
          1994.1           6776.0           104.10           100.87 
          1994.2           6890.5           104.60           101.57 
          1994.3           6993.1           105.20           102.23 
          1994.4           7083.2           105.80           102.43 
          1995.1           7149.8           106.70           102.30 
          1995.2           7204.9           107.30           101.23 
          1995.3           7309.8           107.90           101.13 
          1995.4           7350.6           108.40           100.73
          1996.1           7426.8           109.00           101.30
          1996.2           7547.6           109.50           102.63
          1996.3           7616.0           109.90           103.37
 
Data Source
-----------
Survey of Business Conditions, U. S. Department of Commerce.

Data Description
----------------
GDP = Gross Domestic Product in billions of dollars
PGDP = GDP Implicit Price Deflator, 1992=100
LEADING = Composite Economic Leading Indicator, 1987=100

