     QUARTER          GDP     PGDP2000    LEADING96
      1959.1       495.40       20.680       60.500 
      1959.2       508.40       20.711       60.500 
      1959.3       509.30       20.770       59.900 
      1959.4       513.20       20.853       60.000 
      1960.1       526.90       20.903       58.600 
      1960.2       526.10       20.995       58.900 
      1960.3       528.90       21.093       59.000 
      1960.4       523.60       21.186       58.800 
      1961.1       527.90       21.210       60.000 
      1961.2       539.00       21.249       61.400 
      1961.3       549.40       21.305       61.800 
      1961.4       562.50       21.360       63.200 
      1962.1       576.00       21.482       63.400 
      1962.2       583.20       21.538       62.600 
      1962.3       590.00       21.596       63.300 
      1962.4       593.30       21.671       64.100 
      1963.1       602.40       21.732       65.200 
      1963.2       611.20       21.754       65.900 
      1963.3       623.90       21.794       66.400 
      1963.4       633.50       21.923       66.900 
      1964.1       649.60       22.001       67.800 
      1964.2       658.80       22.073       68.600 
      1964.3       670.50       22.180       69.600 
      1964.4       675.60       22.282       70.100 
      1965.1       695.70       22.380       71.000 
      1965.2       708.10       22.479       71.300 
      1965.3       725.20       22.578       71.700 
      1965.4       747.50       22.717       73.400 
      1966.1       770.80       22.857       74.000 
      1966.2       779.90       23.071       72.800 
      1966.3       793.40       23.293       72.000 
      1966.4       807.10       23.498       71.400 
      1967.1       817.90       23.611       71.500 
      1967.2       822.50       23.759       72.900 
      1967.3       837.10       23.977       74.100 
      1967.4       852.80       24.242       74.900 
      1968.1       879.90       24.503       75.500 
      1968.2       904.20       24.777       75.200 
      1968.3       919.40       25.017       76.000 
      1968.4       936.30       25.367       76.800 
      1969.1       961.00       25.622       77.000 
      1969.2       976.30       25.966       76.300 
      1969.3       996.50       26.345       76.100 
      1969.4       1004.6       26.678       74.800 
      1970.1       1017.3       27.051       73.100 
      1970.2       1033.2       27.437       73.100 
      1970.3       1050.7       27.655       73.200 
      1970.4       1052.9       28.009       74.400 
      1971.1       1098.3       28.429       76.200 
      1971.2       1119.1       28.809       77.100 
      1971.3       1139.3       29.097       77.400 
      1971.4       1151.7       29.329       79.200 
      1972.1       1190.6       29.814       80.800 
      1972.2       1225.9       29.989       81.000 
      1972.3       1249.7       30.264       83.200 
      1972.4       1287.0       30.620       84.400 
      1973.1       1335.5       31.025       84.100 
      1973.2       1371.9       31.542       83.000 
      1973.3       1391.2       32.147       82.000 
      1973.4       1432.3       32.703       80.700 
      1974.1       1447.0       33.371       80.200 
      1974.2       1485.3       34.110       78.400 
      1974.3       1514.2       35.164       75.400 
      1974.4       1553.4       36.240       72.500 
      1975.1       1570.0       37.077       72.800 
      1975.2       1605.6       37.622       75.800 
      1975.3       1663.1       38.324       77.700 
      1975.4       1714.6       39.005       78.700 
      1976.1       1772.6       39.443       81.200 
      1976.2       1804.9       39.866       81.100 
      1976.3       1838.3       40.405       82.100 
      1976.4       1885.3       41.096       83.600 
      1977.1       1939.3       41.781       84.300 
      1977.2       2006.0       42.452       84.700 
      1977.3       2066.8       43.036       84.700 
      1977.4       2111.6       43.762       84.800 
      1978.1       2150.0       44.493       84.500 
      1978.2       2275.6       45.350       85.100 
      1978.3       2336.2       46.133       85.300 
      1978.4       2417.0       47.074       84.100 
      1979.1       2464.4       47.929       84.300 
      1979.2       2527.6       49.092       83.400 
      1979.3       2600.7       50.102       82.800 
      1979.4       2660.5       51.088       80.900 
      1980.1       2725.3       52.209       78.700 
      1980.2       2729.3       53.362       78.700 
      1980.3       2786.6       54.572       81.900 
      1980.4       2916.9       56.105       81.200 
      1981.1       3052.7       57.566       81.700 
      1981.2       3085.9       58.582       81.100 
      1981.3       3178.7       59.661       80.600 
      1981.4       3196.4       60.704       79.900 
      1982.1       3186.8       61.563       79.300 
      1982.2       3242.7       62.330       79.900 
      1982.3       3276.2       63.193       81.100 
      1982.4       3314.4       63.866       82.900 
      1983.1       3382.9       64.413       86.100 
      1983.2       3484.1       64.881       88.400 
      1983.3       3589.3       65.542       89.000 
      1983.4       3690.4       66.020       90.000 
      1984.1       3809.6       66.838       90.900 
      1984.2       3908.6       67.439       90.500 
      1984.3       3978.2       67.989       89.800 
      1984.4       4036.3       68.392       90.900 
      1985.1       4119.5       69.180       91.600 
      1985.2       4178.4       69.542       91.900 
      1985.3       4261.3       69.876       92.400 
      1985.4       4321.8       70.299       92.600 
      1986.1       4385.6       70.660       93.000 
      1986.2       4425.7       71.001       94.000 
      1986.3       4493.9       71.455       94.400 
      1986.4       4546.1       71.960       95.200 
      1987.1       4613.8       72.514       96.000 
      1987.2       4690.0       72.904       96.400 
      1987.3       4767.8       73.450       97.000 
      1987.4       4886.3       73.948       96.100 
      1988.1       4951.9       74.564       96.900 
      1988.2       5062.8       75.296       97.500 
      1988.3       5146.6       76.178       96.600 
      1988.4       5253.7       76.786       96.800 
      1989.1       5367.1       77.588       95.700 
      1989.2       5454.1       78.342       95.300 
      1989.3       5531.9       78.913       95.800 
      1989.4       5584.3       79.433       96.100 
      1990.1       5716.4       80.389       96.500 
      1990.2       5797.7       81.326       96.100 
      1990.3       5849.4       82.053       94.700 
      1990.4       5848.8       82.689       93.600 
      1991.1       5888.0       83.662       94.600 
      1991.2       5964.3       84.194       95.600 
      1991.3       6035.6       84.772       95.900 
      1991.4       6095.8       85.200       95.300 
      1992.1       6196.1       85.766       96.600 
      1992.2       6290.1       86.212       96.600 
      1992.3       6380.5       86.587       96.400 
      1992.4       6484.3       87.042       98.200 
      1993.1       6542.7       87.729       96.900 
      1993.2       6612.1       88.204       97.200 
      1993.3       6674.6       88.599       97.300 
      1993.4       6800.2       89.030       98.500 
      1994.1       6911.0       89.598       99.000 
      1994.2       7030.6       89.980       98.900 
      1994.3       7115.1       90.525       99.000 
      1994.4       7232.2       90.958       99.200 
      1995.1       7298.3       91.554       97.900 
      1995.2       7337.7       91.891       97.700 
      1995.3       7432.1       92.281       98.400 
      1995.4       7522.5       92.734       98.600 
      1996.1       7624.1       93.302       99.200 
      1996.2       7776.6       93.615       100.40 
      1996.3       7866.2       94.064       100.70 
      1996.4       8000.4       94.455       100.90 
      1997.1       8113.8       94.963       102.00 
      1997.2       8250.4       95.291       102.60 
      1997.3       8381.9       95.541       103.60 
      1997.4       8471.2       95.864       103.90 
      1998.1       8586.7       96.096       105.00 
      1998.2       8657.9       96.284       104.90 
      1998.3       8789.5       96.620       105.30 
      1998.4       8953.8       96.901       106.70 
      1999.1       9066.6       97.274       108.10 
      1999.2       9174.1       97.701       108.90 
      1999.3       9313.5       98.022       109.10 
      1999.4       9519.5       98.475       110.40 
      2000.1       9629.4       99.292       110.50 
      2000.2       9822.8       99.780       110.30 
      2000.3       9862.1       100.24       109.80 
      2000.4       9953.6       100.69       108.60 
      2001.1       10025.       101.48       108.60 
      2001.2       10088.       102.27       108.70 
      2001.3       10096.       102.68       108.00 
      2001.4       10194.       103.08       110.50 
      2002.1       10329.       103.36       111.00 
      2002.2       10428.       103.74       111.20 
      2002.3       10542.       104.12       110.40 
      2002.4       10624.       104.57       111.20 
      2003.1       10736.       105.16       110.40 
      2003.2       10847.       105.44       111.80 
      2003.3       11107.       105.87       113.00 
      2003.4       11252.       106.19       114.30 
