   YEAR           Y           C
   1929       585.8       554.5
   1930       542.2       520.0
   1931       519.7       501.0
   1932       449.8       456.6
   1933       437.0       447.4
   1934       462.0       461.1
   1935       505.2       487.6
   1936       565.9       534.4
   1937       585.5       554.6
   1938       547.6       542.2
   1939       590.3       568.7
   1940       627.2       595.2
   1941       713.9       629.3
   1942       824.7       628.7
   1943       863.8       647.3
   1944       901.8       671.2
   1945       890.9       714.6
   1946       860.0       779.1
   1947       826.1       793.3
   1948       872.9       813.0
   1949       874.5       831.4
   1950       942.5       874.3
   1951       978.2       894.7
   1952      1009.7       923.4
   1953      1053.5       962.5
   1954      1071.5       987.3
   1955      1130.8      1047.0
   1956      1185.2      1078.7
   1957      1214.6      1104.4
   1958      1236.0      1122.2
   1959      1284.9      1178.9
   1960      1313.0      1210.8
   1961      1356.4      1238.4
   1962      1414.8      1293.3
   1963      1461.1      1341.9
   1964      1562.2      1417.2
   1965      1653.5      1497.0
   1966      1734.3      1573.8
   1967      1811.4      1622.4
   1968      1886.8      1707.5
   1969      1947.4      1771.2
   1970      2025.3      1813.5
   1971      2099.9      1873.7
   1972      2186.2      1978.4
   1973      2334.1      2066.7
   1974      2317.0      2053.8
   1975      2355.4      2097.5
   1976      2440.9      2207.3
   1977      2512.6      2296.6
   1978      2638.4      2391.8
   1979      2710.1      2448.4
   1980      2733.6      2447.1
   1981      2795.8      2476.9
   1982      2820.4      2503.7
   1983      2893.6      2619.4
   1984      3080.1      2746.1
   1985      3162.1      2865.8
   1986      3261.9      2969.1
   1987      3289.6      3052.2
   1988      3404.3      3162.4
   1989      3464.9      3223.3
   1990      3524.5      3272.6
   1991      3538.5      3259.4
   1992      3648.1      3349.5
   1993      3704.1      3458.7
   1994      3835.4      3578.5

/*
Data Source
-----------
Economic Report of the President, 1995

Data Description
----------------
Y = Disposable personal income in 1987 billions of dollars
C = Personal consumption expenditure in 1987 billions of dollars
*/
